ATLAS, sigma*BR, sqrt(s) = 7 TeV; no polariation, arXiv:1211.7255
values from http://hepdata.cedar.ac.uk/view/ins1204994
yMin  yMax    pTMean   pTMin    pTMax   sigma[fb] statPos statNeg sysPos sysNeg spinPos spinNeg
0.0	1.2	0.5	0.0	1.0	6022.32	  +357.98   -357.98	+377.25	  -377.25	+1393.32    -1483.56	
0.0	1.2	1.5	1.0	2.0	14021.13  +537.42   -537.42	+756.51	  -756.51	+4481.07    -3679.83	
0.0	1.2	2.5	2.0	3.0	20711.77  +639.56   -639.56	+912.14	  -912.14	+14260.09   -5569.97	
0.0	1.2	3.5	3.0	4.0	20317.61  +820.97   -820.97	+1238.27  -1238.27	+28653.26   -4927.63	
0.0	1.2	4.5	4.0	5.0	19951.64  +750.21   -750.21	+992.47	  -992.47	+33937.75   -4808.44	
0.0	1.2	5.5	5.0	6.0	18330.26  +762.74   -762.74	+916.33	  -916.33	+31219.13   -4737.45	
0.0	1.2	6.5	6.0	7.0	17320.64  +698.45   -698.45	+2042.03  -2042.03	+25366.75   -4822.76	
0.0	1.2	7.5	7.0	8.0	14677.17  +583.39   -583.39	+1588.83  -1588.83	+18868.95   -3758.29	
0.0	1.2	8.5	8.0	9.0	12151.44  +587.97   -587.97	+1133.53  -1133.53	+11161.95   -3195.38	
0.0	1.2	9.5	9.0	10.0	9357.4	  +401.56   -401.56	+649.9	  -649.9	+6754.22    -2461.32	
0.0	1.2	11.0	10.0	12.0	6510.87	  +233.58   -233.58	+423.86	  -423.86	+3467.0	    -1655.48	
0.0	1.2	13.0	12.0	14.0	4765.1	  +135.86   -135.86	+374.87	  -374.87	+1911.63    -1160.47	
0.0	1.2	15.0	14.0	16.0	3157.02	  +73.7	    -73.7	+78.24	  -78.24	+1031.5	    -710.25	
0.0	1.2	17.0	16.0	18.0	1992.37	  +53.92    -53.92	+49.95	  -49.95	+547.12	    -419.1	
0.0	1.2	19.0	18.0	20.0	1334.81	  +40.56    -40.56	+23.23	  -23.23	+319.57	    -262.02	
0.0	1.2	21.0	20.0	22.0	946.0	  +31.02    -31.02	+17.47	  -17.47	+200.97	    -175.0	
0.0	1.2	23.0	22.0	24.0	610.91	  +24.73    -24.73	+12.08	  -12.08	+116.62	    -104.06	
0.0	1.2	25.0	24.0	26.0	437.57	  +20.24    -20.24	+9.28	  -9.28	        +75.98	    -69.94	
0.0	1.2	27.0	26.0	28.0	331.78	  +17.8	    -17.8	+7.97	  -7.97	        +53.69	    -51.53	
0.0	1.2	29.0	28.0	30.0	208.81	  +13.49    -13.49	+5.55	  -5.55	        +30.27	    -30.96	
0.0	1.2	31.0	30.0	32.0	161.25	  +12.29    -12.29	+4.58	  -4.58	        +22.01	    -21.26	
0.0	1.2	34.0	32.0	36.0	85.68	  +6.38	    -6.38	+2.04	  -2.04	        +10.9	    -10.74	
0.0	1.2	38.0	36.0	40.0	53.61	  +4.99	    -4.99	+1.48	  -1.48	        +6.06	    -6.59	
0.0	1.2	45.0	40.0	50.0	19.27	  +2.05	    -2.05	+0.63	  -0.63	        +1.93	    -1.91	
0.0	1.2	60.0	50.0	70.0	5.49	  +0.71	    -0.71	+0.73	  -0.73	        +0.42	    -0.42	

1.2	2.25	0.5	0.0	1.0	8881.54	  +846.69   -846.69	+663.87	  -663.87	+2739.34    -2496.21
1.2	2.25	1.5	1.0	2.0	15114.97  +1422.31  -1422.31	+4764.74  -4764.74	+6345.2	    -1983.3
1.2	2.25	2.5	2.0	3.0	17766.86  +1953.84  -1953.84	+1867.56  -1867.56	+8423.19    -4719.34
1.2	2.25	3.5	3.0	4.0	18882.13  +1690.49  -1690.49	+2960.55  -2960.55	+26685.27   -5400.14
1.2	2.25	4.5	4.0	5.0	26040.3	  +1393.95  -1393.95	+2631.89  -2631.89	+51424.63   -7457.88
1.2	2.25	5.5	5.0	6.0	22076.53  +1405.24  -1405.24	+2111.55  -2111.55	+46642.74   -5561.4
1.2	2.25	6.5	6.0	7.0	17509.49  +1123.72  -1123.72	+1345.68  -1345.68	+38427.65   -4359.83
1.2	2.25	7.5	7.0	8.0	16461.49  +915.81   -915.81	+920.65	  -920.65	+34983.62   -4346.51
1.2	2.25	8.5	8.0	9.0	13129.7	  +758.7    -758.7	+691.99	  -691.99	+27084.55   -3422.32
1.2	2.25	9.5	9.0	10.0	11208.93  +655.52   -655.52	+470.63	  -470.63	+21204.39   -2890.93
1.2	2.25	11.0	10.0	12.0	8224.32	  +338.75   -338.75	+276.97	  -276.97	+12454.74   -2099.78
1.2	2.25	13.0	12.0	14.0	4877.85	  +225.9    -225.9	+154.17	  -154.17	+6221.76    -1148.34
1.2	2.25	15.0	14.0	16.0	2836.45	  +142.77   -142.77	+110.62	  -110.62	+2615.85    -639.65
1.2	2.25	17.0	16.0	18.0	2619.5	  +138.51   -138.51	+81.94	  -81.94	+3062.93    -582.08
1.2	2.25	19.0	18.0	20.0	1455.57	  +96.37    -96.37	+50.14	  -50.14	+1330.45    -310.47
1.2	2.25	21.0	20.0	22.0	920.66	  +58.51    -58.51	+28.23	  -28.23	+566.53	    -161.31
1.2	2.25	23.0	22.0	24.0	719.97	  +52.92    -52.92	+16.69	  -16.69	+498.95	    -125.43
1.2	2.25	25.0	24.0	26.0	426.54	  +46.85    -46.85	+14.92	  -14.92	+227.51	    -63.2
1.2	2.25	27.0	26.0	28.0	254.7	  +34.09    -34.09	+10.23	  -10.23	+100.89	    -35.28
1.2	2.25	29.0	28.0	30.0	275.27	  +33.11    -33.11	+34.32	  -34.32	+114.54	    -33.72
1.2	2.25	31.0	30.0	32.0	124.41	  +26.59    -26.59	+11.89	  -11.89	+22.5	    -9.22
1.2	2.25	34.0	32.0	36.0	72.23	  +12.52    -12.52	+4.03	  -4.03		+24.53	    -6.62
1.2	2.25	38.0	36.0	40.0	45.15	  +9.58	    -9.58	+3.57	  -3.57		+16.88	    -5.15
1.2	2.25	45.0	40.0	50.0	23.86	  +4.88	    -4.88	+1.36	  -1.36		+1.57	    -1.6