ATLAS, sigma*BR, sqrt(s) = 7 TeV; no polarization; Nucl.Phys.B850(2011)387
values from http://hepdata.cedar.ac.uk/View/9035664
yMin  yMax    pTMean   pTMin	pTMax   sigma[nb] statPos statNeg sysPos sysNeg spinPos spinNeg  
0	0.75	7.3	7.0	7.5	6.8	+0.8	-0.8	+1.1	 -1.1	+4.3	-2.2	   
0	0.75	7.8	7.5	8.0	5.9	+0.6	-0.6	+0.9	-0.9	+2.7	-1.9	
0	0.75	8.3	8.0	8.5	3.3	+0.3	-0.3	+0.4	-0.4	+1.3	-1.0	
0	0.75	8.8	8.5	9.0	2.6	+0.2	-0.2	+0.4	-0.4	+0.9	-0.8	
0	0.75	9.2	9.0	9.5	2.2	+0.2	-0.2	+0.3	-0.3	+0.9	-0.6	
0	0.75	9.8	9.5	10.0	1.5	+0.1	-0.1	+0.2	-0.2	+0.5	-0.4	
0	0.75	10.5	10.0	11.0	1.04	+0.05	-0.05	+0.11	-0.11	+0.32	-0.29	
0	0.75	11.5	11.0	12.0	0.71	+0.03	-0.03	+0.08	-0.08	+0.19	-0.2	
0	0.75	12.9	12.0	14.0	0.34	+0.01	-0.01	+0.04	-0.04	+0.08	-0.09	
0	0.75	14.9	14.0	16.0	0.163	+0.01	-0.01	+0.016	-0.016	+0.036	-0.042	
0	0.75	16.9	16.0	18.0	0.076	+0.006	-0.006	+0.008	-0.008	+0.015	-0.018	
0	0.75	19.7	18.0	22.0	0.035	+0.003	-0.003	+0.004	-0.004	+0.006	-0.008	
0	0.75	25.0	22.0	30.0	0.0078	+9.0E-4	-9.0E-4	+9.0E-4	-9.0E-4	+0.001	-0.0014	
0	0.75	37.2	30.0	70.0	4.0E-4	+1.0E-4	-1.0E-4	+1.0E-4	-1.0E-4	+0.0	-0.0	

0.75	1.5	5.3	5.0	5.5	21.9	+4.7	-4.7	+4.8	-4.6	+8.7	-6.5	  
0.75	1.5	5.8	5.5	6.0	16.8	+2.6	-2.6	+3.0	-2.9	+7.5	-5.0	
0.75	1.5	6.2	6.0	6.5	11.0	+1.0	-1.0	+1.4	-1.4	+5.8	-3.2	
0.75	1.5	6.7	6.5	7.0	9.2	+0.9	-0.9	+1.4	-1.4	+2.9	-2.6	
0.75	1.5	7.2	7.0	7.5	6.3	+0.5	-0.5	+0.8	-0.8	+1.7	-1.8	
0.75	1.5	7.7	7.5	8.0	5.0	+0.3	-0.3	+0.6	-0.6	+1.2	-1.4	
0.75	1.5	8.2	8.0	8.5	3.2	+0.2	-0.2	+0.3	-0.3	+1.4	-0.7	
0.75	1.5	8.7	8.5	9.0	2.8	+0.2	-0.2	+0.3	-0.3	+0.8	-0.6	
0.75	1.5	9.3	9.0	9.5	2.1	+0.1	-0.1	+0.2	-0.2	+0.5	-0.5	
0.75	1.5	9.7	9.5	10.0	1.57	+0.09	-0.09	+0.17	-0.17	+0.3	-0.35	
0.75	1.5	10.5	10.0	11.0	1.06	+0.04	-0.04	+0.12	-0.12	+0.19	-0.24	
0.75	1.5	11.5	11.0	12.0	0.67	+0.03	-0.03	+0.08	-0.08	+0.12	-0.15	
0.75	1.5	12.9	12.0	14.0	0.34	+0.01	-0.01	+0.04	-0.04	+0.06	-0.08	
0.75	1.5	14.9	14.0	16.0	0.149	+0.008	-0.008	+0.016	-0.016	+0.024	-0.031	
0.75	1.5	16.9	16.0	18.0	0.066	+0.005	-0.005	+0.007	-0.007	+0.009	-0.013	
0.75	1.5	19.7	18.0	22.0	0.028	+0.002	-0.002	+0.003	-0.003	+0.004	-0.005	
0.75	1.5	25.2	22.0	30.0	0.0073	+8.0E-4	-8.0E-4	+8.0E-4	-8.0E-4	+8.0E-4	-0.0011	
0.75	1.5	38.0	30.0	70.0	4.0E-4	+1.0E-4	-1.0E-4	+1.0E-4	-1.0E-4	+0.0	-0.0	

1.5	2.0	2.8	1.0	4.0	129.0	+22.0	-22.0	+25.0	-35.0	+246.0	-35.0	 
1.5	2.0	4.5	4.0	5.0	31.1	+4.6	-4.6	+4.5	-4.5	+54.7	-7.7	
1.5	2.0	5.2	5.0	5.5	13.8	+2.7	-2.7	+3.4	-3.2	+13.5	-3.2	
1.5	2.0	5.7	5.5	6.0	11.8	+1.1	-1.1	+1.5	-1.5	+11.6	-2.6	
1.5	2.0	6.3	6.0	6.5	10.5	+0.9	-0.9	+1.2	-1.1	+8.2	-2.2	
1.5	2.0	6.8	6.5	7.0	6.9	+0.5	-0.5	+1.0	-1.0	+4.2	-1.6	
1.5	2.0	7.2	7.0	7.5	5.1	+0.4	-0.4	+0.7	-0.7	+2.5	-1.2	
1.5	2.0	7.7	7.5	8.0	4.0	+0.3	-0.3	+0.5	-0.4	+1.8	-0.7	
1.5	2.0	8.3	8.0	8.5	3.0	+0.2	-0.2	+0.3	-0.3	+1.2	-0.4	
1.5	2.0	8.7	8.5	9.0	2.3	+0.1	-0.1	+0.3	-0.2	+0.7	-0.3	
1.5	2.0	9.2	9.0	9.5	1.61	+0.09	-0.09	+0.17	-0.17	+0.46	-0.26	
1.5	2.0	9.7	9.5	10.0	1.18	+0.08	-0.08	+0.13	-0.12	+0.32	-0.21	
1.5	2.0	10.5	10.0	11.0	0.86	+0.04	-0.04	+0.1	-0.09	+0.21	-0.16	
1.5	2.0	11.5	11.0	12.0	0.51	+0.03	-0.03	+0.05	-0.05	+0.11	-0.1	
1.5	2.0	12.9	12.0	14.0	0.26	+0.01	-0.01	+0.03	-0.02	+0.05	-0.04	
1.5	2.0	14.9	14.0	16.0	0.112	+0.008	-0.008	+0.012	-0.011	+0.016	-0.019	
1.5	2.0	16.9	16.0	18.0	0.05	+0.005	-0.005	+0.007	-0.005	+0.006	-0.008	
1.5	2.0	19.6	18.0	22.0	0.026	+0.003	-0.003	+0.002	-0.002	+0.003	-0.004	
1.5	2.0	25.0	22.0	30.0	0.0042	+7.0E-4	-7.0E-4	+5.0E-4	-5.0E-4	+3.0E-4	-5.0E-4	

2.0	2.4	5.5	5.0	6.0	11.5	+2.5	-2.5	+2.5	-2.6	+12.1	-2.0	 
2.0	2.4	6.5	6.0	7.0	5.6	+0.6	-0.6	+0.6	-0.6	+3.3	-0.9	
2.0	2.4	7.3	7.0	7.5	3.5	+0.5	-0.5	+0.6	-0.5	+2.3	-0.6	
2.0	2.4	7.7	7.5	8.0	3.1	+0.4	-0.4	+0.5	-0.4	+2.2	-0.5	
2.0	2.4	8.3	8.0	8.5	2.1	+0.3	-0.3	+0.3	-0.3	+0.7	-0.5	
2.0	2.4	8.7	8.5	9.0	1.6	+0.2	-0.2	+0.2	-0.2	+0.5	-0.3	
2.0	2.4	9.2	9.0	9.5	1.1	+0.1	-0.1	+0.1	-0.1	+0.3	-0.2	
2.0	2.4	9.7	9.5	10.0	0.91	+0.09	-0.09	+0.13	-0.12	+0.33	-0.12	
2.0	2.4	10.5	10.0	11.0	0.61	+0.05	-0.05	+0.07	-0.07	+0.21	-0.06	
2.0	2.4	11.5	11.0	12.0	0.42	+0.04	-0.04	+0.05	-0.06	+0.12	-0.05	
2.0	2.4	12.9	12.0	14.0	0.21	+0.02	-0.02	+0.02	-0.02	+0.05	-0.03	
2.0	2.4	15.6	14.0	18.0	0.079	+0.007	-0.007	+0.007	-0.005	+0.012	-0.007	
2.0	2.4	21.2	18.0	30.0	0.008	+0.001	-0.001	+0.001	-0.001	+0.001	-0.001	
