ATLAS, sigma*BR, sqrt(s) = 7 TeV; no polariation, arXiv:1211.7255
values from http://hepdata.cedar.ac.uk/view/ins1204994
yMin  yMax    pTMean   pTMin    pTMax   sigma[nb] statPos statNeg sysPos sysNeg spinPos spinNeg
0.	1.2	0.5	0.0	1.0	14099.19  +462.5    -462.5	+964.76	   -964.76	+3421.0	    -3766.91	
0.	1.2	1.5	1.0	2.0	37169.61  +901.0    -901.0	+2312.76   -2312.76	+14326.08   -10367.26	
0.	1.2	2.5	2.0	3.0	43895.41  +1013.67  -1013.67	+2868.3	   -2868.3	+48346.59   -12488.3	
0.	1.2	3.5	3.0	4.0	53632.18  +1219.81  -1219.81	+2121.16   -2121.16	+101167.03  -14082.46	
0.	1.2	4.5	4.0	5.0	51016.7	  +1122.06  -1122.06	+2570.79   -2570.79	+106202.43  -12938.34	
0.	1.2	5.5	5.0	6.0	41440.45  +989.2    -989.2	+1950.95   -1950.95	+80494.7    -11078.76	
0.	1.2	6.5	6.0	7.0	35410.02  +818.33   -818.33	+2072.88   -2072.88	+58911.5    -9709.03	
0.	1.2	7.5	7.0	8.0	29636.38  +1227.45  -1227.45	+2140.29   -2140.29	+39396.48   -8294.75	
0.	1.2	8.5	8.0	9.0	22632.57  +664.19   -664.19	+1532.72   -1532.72	+21995.97   -6209.69	
0.	1.2	9.5	9.0	10.0	19053.93  +465.43   -465.43	+1025.33   -1025.33	+13858.59   -5124.46	
0.	1.2	11.0	10.0	12.0	12611.54  +283.93   -283.93	+547.18	   -547.18	+7028.82    -3239.0	
0.	1.2	13.0	12.0	14.0	7939.33	  +153.6    -153.6	+437.05	   -437.05	+3254.69    -1912.07	
0.	1.2	15.0	14.0	16.0	5343.06	  +82.14    -82.14	+119.26	   -119.26	+1743.28    -1208.38	
0.	1.2	17.0	16.0	18.0	3309.25	  +59.1	    -59.1	+77.34	   -77.34	+915.75	    -699.14	
0.	1.2	19.0	18.0	20.0	2072.13	  +43.89    -43.89	+32.81	   -32.81	+494.07	    -406.66	
0.	1.2	21.0	20.0	22.0	1337.29	  +33.56    -33.56	+22.57	   -22.57	+283.35	    -243.02	
0.	1.2	23.0	22.0	24.0	897.91	  +27.06    -27.06	+15.91	   -15.91	+170.79	    -153.88	
0.	1.2	25.0	24.0	26.0	608.07	  +21.34    -21.34	+12.89	   -12.89	+105.23	    -98.13	
0.	1.2	27.0	26.0	28.0	418.21	  +18.39    -18.39	+13.9	   -13.9	+66.5	    -63.08	
0.	1.2	29.0	28.0	30.0	296.1	  +14.47    -14.47	+9.53	   -9.53	+43.79	    -41.4	
0.	1.2	31.0	30.0	32.0	209.3	  +12.56    -12.56	+7.17	   -7.17	+29.04	    -27.76	
0.	1.2	34.0	32.0	36.0	128.9	  +6.82	    -6.82	+2.51	   -2.51	+16.21	    -16.06	
0.	1.2	38.0	36.0	40.0	74.37	  +5.13	    -5.13	+2.15	   -2.15	+8.4	    -8.38	
0.	1.2	45.0	40.0	50.0	31.83	  +2.21	    -2.21	+1.06	   -1.06	+3.12	    -3.07	
0.	1.2	60.0	50.0	70.0	7.51	  +0.67	    -0.67	+0.76	   -0.76	+0.57	    -0.53	

1.2	2.25	0.5	0.0	1.0	20172.01  +713.38   -713.38	+1959.99   -1959.99	+5179.74    -5628.54
1.2	2.25	1.5	1.0	2.0	55920.85  +1479.21  -1479.21	+7520.86   -7520.86	+19496.84   -14537.04
1.2	2.25	2.5	2.0	3.0	40941.32  +1989.83  -1989.83	+4774.27   -4774.27	+41458.05   -12780.87
1.2	2.25	3.5	3.0	4.0	58286.08  +2433.03  -2433.03	+8610.77   -8610.77	+122832.32  -15646.36
1.2	2.25	4.5	4.0	5.0	60111.3	  +1808.08  -1808.08	+5348.66   -5348.66	+148330.97  -16510.67
1.2	2.25	5.5	5.0	6.0	51690.28  +1532.13  -1532.13	+3105.15   -3105.15	+135764.55  -13704.61
1.2	2.25	6.5	6.0	7.0	45008.54  +1281.64  -1281.64	+1846.77   -1846.77	+120791.58  -11949.1
1.2	2.25	7.5	7.0	8.0	35739.85  +1033.83  -1033.83	+1237.76   -1237.76	+86900.71   -9553.61
1.2	2.25	8.5	8.0	9.0	28268.04  +831.67   -831.67	+755.17	   -755.17	+62474.25   -7505.72
1.2	2.25	9.5	9.0	10.0	21814.99  +713.14   -713.14	+509.6	   -509.6	+42835.03   -5713.63
1.2	2.25	11.0	10.0	12.0	15238.53  +379.55   -379.55	+359.4	   -359.4	+26662.37   -3863.27
1.2	2.25	13.0	12.0	14.0	9156.52	  +245.98   -245.98	+189.82	   -189.82	+12368.83   -2203.92
1.2	2.25	15.0	14.0	16.0	5854.1	  +173.28   -173.28	+103.57	   -103.57	+6889.88    -1320.87
1.2	2.25	17.0	16.0	18.0	3272.03	  +139.9    -139.9	+102.0	   -102.0	+2884.49    -689.59
1.2	2.25	19.0	18.0	20.0	2019.04	  +98.54    -98.54	+44.81	   -44.81	+1503.57    -386.21
1.2	2.25	21.0	20.0	22.0	1366.64	  +62.35    -62.35	+27.83	   -27.83	+960.73	    -241.39
1.2	2.25	23.0	22.0	24.0	788.9	  +51.14    -51.14	+16.31	   -16.31	+365.4	    -115.28
1.2	2.25	25.0	24.0	26.0	685.27	  +48.35    -48.35	+14.92	   -14.92	+380.41	    -100.43
1.2	2.25	27.0	26.0	28.0	497.98	  +38.21    -38.21	+12.85	   -12.85	+259.75	    -69.43
1.2	2.25	29.0	28.0	30.0	263.42	  +32.8	    -32.8	+8.87	   -8.87	+73.31	    -21.68
1.2	2.25	31.0	30.0	32.0	209.42	  +31.67    -31.67	+6.84	   -6.84	+104.29	    -26.16
1.2	2.25	34.0	32.0	36.0	145.07	  +14.22    -14.22	+4.18	   -4.18	+38.05	    -12.23
1.2	2.25	38.0	36.0	40.0	62.53	  +10.03    -10.03	+2.76	   -2.76	+13.25	    -3.88
1.2	2.25	45.0	40.0	50.0	31.98	  +4.73	    -4.73	+1.44	   -1.44	+12.21	    -2.7


