CMS, sigma*BR, sqrt(s) = 7 TeV; polariation as measured in CMS
values from AN2013_088_v6
yMin  yMax    pTMean   pTMin    pTMax   sigma[fb] statPos statNeg sysPos sysNeg spinPos spinNeg
0     0.6     11.0     10       12      18910     180     180     1000   1030   0       0     
0     0.6     13.0     12       14      11130     130     130     620    570    0       0     
0     0.6     15.0     14       16      6860      100     100     350    370    0       0     
0     0.6     16.9     16       18      4280      60      60      220    220    0       0     
0     0.6     18.9     18       20      2785      50      50      160    130    0       0     
0     0.6     21.0     20       22      1700      40      40      85     85     0       0     
0     0.6     23.0     22       24      1095      30      30      55     55     0       0     
0     0.6     25.0     24       26      740       20      20      35     35     0       0     
0     0.6     27.0     26       28      470       18      18      21     23     0       0     
0     0.6     29.0     28       30      364       13      13      17     16     0       0     
0     0.6     31.0     30       32      242       12      12      10     14     0       0     
0     0.6     33.0     32       34      168       11      11      9      7      0       0     
0     0.6     34.9     34       36      134       9       9       7      6      0       0     
0     0.6     37.0     36       38      98        6       6       5      5      0       0     
0     0.6     38.9     38       40      69        7       7       3      3      0       0     
0     0.6     41.4     40       43      51.2      4.2     4.2     2.1    2.5    0       0     
0     0.6     44.5     43       46      24.6      4.1     4.1     1.5    1.7    0       0     
0     0.6     47.4     46       49      19.2      2.9     2.9     1.0    1.0    0       0     
0     0.6     51.3     49       54      10.8      1.5     1.5     0.6    0.7    0       0     
0     0.6     56.1     54       59      7.2       1.3     1.3     0.4    0.5    0       0     
0     0.6     63.7     59       70      4.1       0.8     0.8     0.5    0.5    0       0     
0     0.6     82.0     70       100     0.6       0.2     0.2     0.2    0.2    0       0     
