CMS, sigma*BR, sqrt(s) = 7 TeV; polariation as measured in CMS
values from AN2013_088_v6
yMin  yMax    pTMean   pTMin    pTMax   sigma[fb] statPos statNeg sysPos sysNeg spinPos spinNeg
0     0.6     11.0     10       12      56610     270     270     2800   2720   0       0     
0     0.6     13.0     12       14      31140     180     180     1550   1460   0       0     
0     0.6     15.0     14       16      17930     130     130     860    860    0       0     
0     0.6     16.9     16       18      10780     90      90      590    470    0       0     
0     0.6     18.9     18       20      6380      65      65      325    280    0       0     
0     0.6     21.0     20       22      3900      55      55      180    180    0       0     
0     0.6     23.0     22       24      2420      37      37      105    120    0       0     
0     0.6     25.0     24       26      1630      29      29      80     70     0       0     
0     0.6     27.0     26       28      984       23      23      40     50     0       0     
0     0.6     29.0     28       30      738       17      17      31     34     0       0     
0     0.6     31.0     30       32      505       15      15      21     23     0       0     
0     0.6     33.0     32       34      362       13      13      18     14     0       0     
0     0.6     34.9     34       36      261       11      11      11     13     0       0     
0     0.6     37.0     36       38      176       8       8       7      8      0       0     
0     0.6     38.9     38       40      136       8       8       6      6      0       0     
0     0.6     41.4     40       43      93.3      4.9     4.9     4.0    4.0    0       0     
0     0.6     44.5     43       46      59.4      4.5     4.5     3.0    2.7    0       0     
0     0.6     47.4     46       49      41.5      3.5     3.5     1.5    2.3    0       0     
0     0.6     51.3     49       54      25.5      2.0     2.0     1.1    1.2    0       0     
0     0.6     56.1     54       59      13.4      1.4     1.4     0.6    0.8    0       0     
0     0.6     63.7     59       70      7.0       0.8     0.8     0.6    0.6    0       0     
0     0.6     82.0     70       100     1.6       0.3     0.3     0.3    0.3    0       0     
