CMS, sigma*BR, sqrt(s) = 7 TeV; polariation as measured in CMS
values from AN2013_088_v6
yMin  yMax    pTMean   pTMin    pTMax   sigma[fb] statPos statNeg sysPos sysNeg spinPos spinNeg
0     0.6     11.0     10       12      10220     140     140     570    610    0       0     
0     0.6     13.0     12       14      6550      100     100     380    370    0       0     
0     0.6     15.0     14       16      4130      80      80      230    240    0       0     
0     0.6     16.9     16       18      2700      50      50      160    150    0       0     
0     0.6     18.9     18       20      1740      40      40      95     95     0       0     
0     0.6     21.0     20       22      1260      40      40      60     80     0       0     
0     0.6     23.0     22       24      768       24      24      40     40     0       0     
0     0.6     25.0     24       26      510       18      18      26     26     0       0     
0     0.6     27.0     26       28      336       16      16      18     16     0       0     
0     0.6     29.0     28       30      292       12      12      16     13     0       0     
0     0.6     31.0     30       32      183       10      10      11     8      0       0     
0     0.6     33.0     32       34      145       11      11      7      8      0       0     
0     0.6     34.9     34       36      93        7       7       4      5      0       0     
0     0.6     37.0     36       38      75        6       6       3      4      0       0     
0     0.6     38.9     38       40      50        6       6       3      3      0       0     
0     0.6     41.4     40       43      35.7      3.5     3.5     1.6    1.7    0       0     
0     0.6     44.5     43       46      24.8      3.7     3.7     1.6    2.2    0       0     
0     0.6     47.4     46       49      19.2      2.8     2.8     1.0    1.0    0       0     
0     0.6     51.3     49       54      10.8      1.5     1.5     0.6    0.7    0       0     
0     0.6     56.1     54       59      7.2       1.3     1.3     0.4    0.5    0       0     
0     0.6     63.7     59       70      4.1       0.8     0.8     0.5    0.5    0       0     
0     0.6     82.0     70       100     0.6       0.2     0.2     0.2    0.2    0       0     
