LHCb, sigma, sqrt(s) = 7 TeV; no polarization; EPJC71(2011)1645
values from http://hepdata.cedar.ac.uk/view/8987840
yMin   yMax    pTMean   pTMin	pTMax   sigma[nb] statPos statNeg sysPos sysNeg lumiPos lumiNeg  
2.0	2.5	0.5	0.0	1.0	1091.0	+70.0	-70.0	+226.0	-226.0	+144.0	-144.0	
2.0	2.5	1.5	1.0	2.0	1495.0	+38.0	-38.0	+282.0	-282.0	+197.0	-197.0	
2.0	2.5	2.5	2.0	3.0	1225.0	+20.0	-20.0	+109.0	-109.0	+162.0	-162.0	
2.0	2.5	3.5	3.0	4.0	777.0	+11.0	-11.0	+44.0	-44.0	+103.0	-103.0	
2.0	2.5	4.5	4.0	5.0	424.0	+6.0	-6.0	+22.0	-22.0	+56.0	-56.0	
2.0	2.5	5.5	5.0	6.0	230.0	+4.0	-4.0	+12.0	-12.0	+30.0	-30.0	
2.0	2.5	6.5	6.0	7.0	116.0	+2.0	-2.0	+6.0	-6.0	+15.0	-15.0	
2.0	2.5	7.5	7.0	8.0	64.0	+1.0	-1.0	+3.0	-3.0	+8.0	-8.0	
2.0	2.5	8.5	8.0	9.0	37.0	+1.0	-1.0	+1.0	-1.0	+5.0	-5.0	
2.0	2.5	9.5	9.0	10.0	19.3	+0.7	-0.7	+0.5	-0.5	+2.6	-2.6	
2.0	2.5	10.5	10.0	11.0	11.6	+0.5	-0.5	+0.3	-0.3	+1.5	-1.5	
2.0	2.5	11.5	11.0	12.0	6.7	+0.4	-0.4	+0.2	-0.2	+0.9	-0.9	
2.0	2.5	12.5	12.0	13.0	4.6	+0.3	-0.3	+0.2	-0.2	+0.6	-0.6	
2.0	2.5	13.5	13.0	14.0	2.9	+0.3	-0.3	+0.1	-0.1	+0.4	-0.4	

2.5	3.0	0.5	0.0	1.0	844.0	+13.0	-13.0	+133.0	-133.0	+111.0	-111.0	
2.5	3.0	1.5	1.0	2.0	1490.0	+12.0	-12.0	+39.0	-39.0	+197.0	-197.0	
2.5	3.0	2.5	2.0	3.0	1214.0	+9.0	-9.0	+24.0	-24.0	+160.0	-160.0	
2.5	3.0	3.5	3.0	4.0	719.0	+6.0	-6.0	+18.0	-18.0	+95.0	-95.0	
2.5	3.0	4.5	4.0	5.0	392.0	+3.0	-3.0	+12.0	-12.0	+52.0	-52.0	
2.5	3.0	5.5	5.0	6.0	206.0	+2.0	-2.0	+8.0	-8.0	+27.0	-27.0	
2.5	3.0	6.5	6.0	7.0	104.0	+1.0	-1.0	+4.0	-4.0	+14.0	-14.0	
2.5	3.0	7.5	7.0	8.0	57.0	+1.0	-1.0	+3.0	-3.0	+7.0	-7.0	
2.5	3.0	8.5	8.0	9.0	31.0	+1.0	-1.0	+1.0	-1.0	+4.0	-4.0	
2.5	3.0	9.5	9.0	10.0	17.4	+0.5	-0.5	+0.2	-0.2	+2.3	-2.3	
2.5	3.0	10.5	10.0	11.0	9.8	+0.4	-0.4	+0.1	-0.1	+1.3	-1.3	
2.5	3.0	11.5	11.0	12.0	5.9	+0.3	-0.3	+0.1	-0.1	+0.8	-0.8	
2.5	3.0	12.5	12.0	13.0	3.5	+0.2	-0.2	+0.1	-0.1	+0.5	-0.5	
2.5	3.0	13.5	13.0	14.0	2.6	+0.2	-0.2	+0.1	-0.1	+0.3	-0.3	

3.0	3.5	0.5	0.0	1.0	749.0	+7.0	-7.0	+46.0	-46.0	+99.0	-99.0	
3.0	3.5	1.5	1.0	2.0	1376.0	+8.0	-8.0	+26.0	-26.0	+182.0	-182.0	
3.0	3.5	2.5	2.0	3.0	1053.0	+7.0	-7.0	+19.0	-19.0	+139.0	-139.0	
3.0	3.5	3.5	3.0	4.0	611.0	+5.0	-5.0	+14.0	-14.0	+81.0	-81.0	
3.0	3.5	4.5	4.0	5.0	325.0	+3.0	-3.0	+9.0	-9.0	+43.0	-43.0	
3.0	3.5	5.5	5.0	6.0	167.0	+2.0	-2.0	+5.0	-5.0	+22.0	-22.0	
3.0	3.5	6.5	6.0	7.0	82.0	+1.0	-1.0	+3.0	-3.0	+11.0	-11.0	
3.0	3.5	7.5	7.0	8.0	44.0	+1.0	-1.0	+1.0	-1.0	+6.0	-6.0	
3.0	3.5	8.5	8.0	9.0	23.0	+1.0	-1.0	+1.0	-1.0	+3.0	-3.0	
3.0	3.5	9.5	9.0	10.0	12.6	+0.4	-0.4	+0.1	-0.1	+1.7	-1.7	
3.0	3.5	10.5	10.0	11.0	7.8	+0.3	-0.3	+0.1	-0.1	+1.0	-1.0	
3.0	3.5	11.5	11.0	12.0	4.5	+0.3	-0.3	+0.1	-0.1	+0.6	-0.6	
3.0	3.5	12.5	12.0	13.0	2.9	+0.2	-0.2	+0.1	-0.1	+0.4	-0.4	
3.0	3.5	13.5	13.0	14.0	1.3	+0.2	-0.2	+0.1	-0.1	+0.2	-0.2	

3.5	4.0	0.5	0.0	1.0	614.0	+6.0	-6.0	+23.0	-23.0	+81.0	-81.0	
3.5	4.0	1.5	1.0	2.0	1101.0	+7.0	-7.0	+23.0	-23.0	+145.0	-145.0	
3.5	4.0	2.5	2.0	3.0	839.0	+6.0	-6.0	+19.0	-19.0	+111.0	-111.0	
3.5	4.0	3.5	3.0	4.0	471.0	+4.0	-4.0	+13.0	-13.0	+62.0	-62.0	
3.5	4.0	4.5	4.0	5.0	244.0	+3.0	-3.0	+7.0	-7.0	+32.0	-32.0	
3.5	4.0	5.5	5.0	6.0	119.0	+2.0	-2.0	+5.0	-5.0	+16.0	-16.0	
3.5	4.0	6.5	6.0	7.0	59.0	+1.0	-1.0	+2.0	-2.0	+8.0	-8.0	
3.5	4.0	7.5	7.0	8.0	29.0	+1.0	-1.0	+1.0	-1.0	+4.0	-4.0	
3.5	4.0	8.5	8.0	9.0	15.9	+0.5	-0.5	+0.1	-0.1	+2.1	-2.1	
3.5	4.0	9.5	9.0	10.0	8.2	+0.4	-0.4	+0.1	-0.1	+1.1	-1.1	
3.5	4.0	10.5	10.0	11.0	4.9	+0.3	-0.3	+0.1	-0.1	+0.6	-0.6	
3.5	4.0	11.5	11.0	12.0	2.6	+0.2	-0.2	+0.1	-0.1	+0.3	-0.3	
3.5	4.0	12.5	12.0	13.0	1.2	+0.1	-0.1	+0.1	-0.1	+0.2	-0.2	

4.0	4.5	0.5	0.0	1.0	447.0	+5.0	-5.0	+28.0	-28.0	+59.0	-59.0
4.0	4.5	1.5	1.0	2.0	807.0	+7.0	-7.0	+28.0	-28.0	+107.0	-107.0
4.0	4.5	2.5	2.0	3.0	588.0	+6.0	-6.0	+22.0	-22.0	+78.0	-78.0
4.0	4.5	3.5	3.0	4.0	315.0	+4.0	-4.0	+14.0	-14.0	+42.0	-42.0
4.0	4.5	4.5	4.0	5.0	163.0	+3.0	-3.0	+6.0	-6.0	+22.0	-22.0
4.0	4.5	5.5	5.0	6.0	76.0	+2.0	-2.0	+3.0	-3.0	+10.0	-10.0
4.0	4.5	6.5	6.0	7.0	34.0	+1.1	-1.1	+1.4	-1.4	+4.5	-4.5
4.0	4.5	7.5	7.0	8.0	17.0	+0.7	-0.7	+0.8	-0.8	+2.3	-2.3
4.0	4.5	8.5	8.0	9.0	8.5	+0.5	-0.5	+0.4	-0.4	+1.1	-1.1
4.0	4.5	9.5	9.0	10.0	4.1	+0.3	-0.3	+0.2	-0.2	+0.5	-0.5
4.0	4.5	10.5	10.0	11.0	2.2	+0.2	-0.2	+0.1	-0.1	+0.3	-0.3
