LHCb, sigma, sqrt(s) = 7 TeV; fully transv. pol HX; EPJC71(2011)1645
values from http://hepdata.cedar.ac.uk/view/8987840
yMin   yMax    pTMean   pTMin	pTMax   sigma[nb] statPos statNeg sysPos sysNeg lumiPos lumiNeg  
0.5	0.0	1.0	1282.0	+83.0	-83.0	+266.0	-266.0	+169.0	-169.0	
1.5	1.0	2.0	1751.0	+44.0	-44.0	+331.0	-331.0	+231.0	-231.0	
2.5	2.0	3.0	1438.0	+24.0	-24.0	+129.0	-129.0	+190.0	-190.0	
3.5	3.0	4.0	932.0	+13.0	-13.0	+53.0	-53.0	+123.0	-123.0	
4.5	4.0	5.0	513.0	+7.0	-7.0	+27.0	-27.0	+68.0	-68.0	
5.5	5.0	6.0	278.0	+4.0	-4.0	+15.0	-15.0	+37.0	-37.0	
6.5	6.0	7.0	140.0	+3.0	-3.0	+7.0	-7.0	+19.0	-19.0	
7.5	7.0	8.0	76.0	+2.0	-2.0	+4.0	-4.0	+10.0	-10.0	
8.5	8.0	9.0	44.0	+1.0	-1.0	+1.0	-1.0	+6.0	-6.0	
9.5	9.0	10.0	23.0	+1.0	-1.0	+1.0	-1.0	+3.0	-3.0	
10.5	10.0	11.0	13.5	+0.6	-0.6	+0.4	-0.4	+1.8	-1.8	
11.5	11.0	12.0	7.7	+0.4	-0.4	+0.3	-0.3	+1.0	-1.0	
12.5	12.0	13.0	5.2	+0.3	-0.3	+0.2	-0.2	+0.7	-0.7	
13.5	13.0	14.0	3.3	+0.3	-0.3	+0.1	-0.1	+0.4	+0.4

0.5	0.0	1.0	1058.0	+16.0	-16.0	+166.0	-166.0	+140.0	-140.0	
1.5	1.0	2.0	1791.0	+15.0	-15.0	+47.0	-47.0	+236.0	-236.0	
2.5	2.0	3.0	1423.0	+11.0	-11.0	+28.0	-28.0	+188.0	-188.0	
3.5	3.0	4.0	839.0	+7.0	-7.0	+21.0	-21.0	+111.0	-111.0	
4.5	4.0	5.0	455.0	+4.0	-4.0	+14.0	-14.0	+60.0	-60.0	
5.5	5.0	6.0	238.0	+3.0	-3.0	+9.0	-9.0	+32.0	-32.0	
6.5	6.0	7.0	120.0	+2.0	-2.0	+5.0	-5.0	+16.0	-16.0	
7.5	7.0	8.0	64.0	+1.0	-1.0	+3.0	-3.0	+8.0	-8.0	
8.5	8.0	9.0	34.0	+1.0	-1.0	+1.0	-1.0	+5.0	-5.0	
9.5	9.0	10.0	19.3	+0.6	-0.6	+0.2	-0.2	+2.6	-2.6	
10.5	10.0	11.0	10.9	+0.4	-0.4	+0.1	-0.1	+1.4	-1.4	
11.5	11.0	12.0	6.4	+0.3	-0.3	+0.1	-0.1	+0.8	-0.8	
12.5	12.0	13.0	3.8	+0.3	-0.3	+0.1	-0.1	+0.5	-0.5	
13.5	13.0	14.0	2.8	+0.2	-0.2	+0.1	-0.1	+0.4	-0.4

0.5	0.0	1.0	924.0	+9.0	-9.0	+56.0	-56.0	+122.0	-122.0	
1.5	1.0	2.0	1603.0	+10.0	-10.0	+31.0	-31.0	+212.0	-212.0	
2.5	2.0	3.0	1182.0	+7.0	-7.0	+21.0	-21.0	+156.0	-156.0	
3.5	3.0	4.0	675.0	+5.0	-5.0	+15.0	-15.0	+89.0	-89.0	
4.5	4.0	5.0	358.0	+3.0	-3.0	+10.0	-10.0	+47.0	-47.0	
5.5	5.0	6.0	184.0	+2.0	-2.0	+6.0	-6.0	+24.0	-24.0	
6.5	6.0	7.0	91.0	+1.0	-1.0	+3.0	-3.0	+12.0	-12.0	
7.5	7.0	8.0	49.0	+1.0	-1.0	+2.0	-2.0	+6.0	-6.0	
8.5	8.0	9.0	25.0	+1.0	-1.0	+1.0	-1.0	+3.0	-3.0	
9.5	9.0	10.0	13.7	+0.5	-0.5	+0.1	-0.1	+1.8	-1.8	
10.5	10.0	11.0	8.5	+0.4	-0.4	+0.1	-0.1	+1.1	-1.1	
11.5	11.0	12.0	4.9	+0.3	-0.3	+0.1	-0.1	+0.6	-0.6	
12.5	12.0	13.0	3.1	+0.2	-0.2	+0.1	-0.1	+0.4	-0.4	
13.5	13.0	14.0	1.4	+0.2	-0.2	+0.1	-0.1	+0.2	-0.2

0.5	0.0	1.0	728.0	+7.0	-7.0	+27.0	-27.0	+96.0	-96.0	
1.5	1.0	2.0	1246.0	+8.0	-8.0	+26.0	-26.0	+164.0	-164.0	
2.5	2.0	3.0	913.0	+6.0	-6.0	+21.0	-21.0	+120.0	-120.0	
3.5	3.0	4.0	505.0	+4.0	-4.0	+14.0	-14.0	+67.0	-67.0	
4.5	4.0	5.0	262.0	+3.0	-3.0	+8.0	-8.0	+35.0	-35.0	
5.5	5.0	6.0	128.0	+2.0	-2.0	+5.0	-5.0	+17.0	-17.0	
6.5	6.0	7.0	63.0	+1.0	-1.0	+2.0	-2.0	+8.0	-8.0	
7.5	7.0	8.0	32.0	+1.0	-1.0	+1.0	-1.0	+4.0	-4.0	
8.5	8.0	9.0	17.1	+0.6	-0.6	+0.2	-0.2	+2.3	-2.3	
9.5	9.0	10.0	8.8	+0.4	-0.4	+0.1	-0.1	+1.2	-1.2	
10.5	10.0	11.0	5.2	+0.3	-0.3	+0.1	-0.1	+0.7	-0.7	
11.5	11.0	12.0	2.8	+0.2	-0.2	+0.1	-0.1	+0.4	-0.4	
12.5	12.0	13.0	1.3	+0.1	-0.1	+0.1	-0.1	+0.2	-0.2	

0.5	0.0	1.0	530.0	+6.0	-6.0	+33.0	-33.0	+70.0	-70.0
1.5	1.0	2.0	902.0	+7.0	-7.0	+31.0	-31.0	+119.0	-119.0
2.5	2.0	3.0	631.0	+6.0	-6.0	+24.0	-24.0	+83.0	-83.0
3.5	3.0	4.0	334.0	+4.0	-4.0	+15.0	-15.0	+44.0	-44.0
4.5	4.0	5.0	172.0	+3.0	-3.0	+7.0	-7.0	+23.0	-23.0
5.5	5.0	6.0	79.0	+2.0	-2.0	+3.0	-3.0	+11.0	-11.0
6.5	6.0	7.0	36.0	+1.0	-1.0	+2.0	-2.0	+5.0	-5.0
7.5	7.0	8.0	18.3	+0.7	-0.7	+0.8	-0.8	+2.4	-2.4
8.5	8.0	9.0	8.9	+0.5	-0.5	+0.4	-0.4	+1.2	-1.2
9.5	9.0	10.0	4.3	+0.3	-0.3	+0.2	-0.2	+0.5	-0.5
10.5	10.0	11.0	2.4	+0.2	-0.2	+0.1	-0.1	+0.3	-0.3
