LHCb, sigma, sqrt(s) = 7 TeV; fully long. pol HX; EPJC71(2011)1645
values from http://hepdata.cedar.ac.uk/view/8987840
yMin   yMax    pTMean   pTMin	pTMax   sigma[nb] statPos statNeg sysPos sysNeg lumiPos lumiNeg  
0.5	0.0	1.0	839.0	+54.0	-54.0	+174.0	-174.0	+111.0	-111.0	
1.5	1.0	2.0	1157.0	+29.0	-29.0	+219.0	-219.0	+153.0	-153.0	
2.5	2.0	3.0	945.0	+16.0	-16.0	+84.0	-84.0	+125.0	-125.0	
3.5	3.0	4.0	583.0	+8.0	-8.0	+33.0	-33.0	+77.0	-77.0	
4.5	4.0	5.0	315.0	+4.0	-4.0	+16.0	-16.0	+42.0	-42.0	
5.5	5.0	6.0	171.0	+3.0	-3.0	+9.0	-9.0	+23.0	-23.0	
6.5	6.0	7.0	87.0	+2.0	-2.0	+5.0	-5.0	+12.0	-12.0	
7.5	7.0	8.0	48.0	+1.0	-1.0	+2.0	-2.0	+6.0	-6.0	
8.5	8.0	9.0	29.0	+1.0	-1.0	+1.0	-1.0	+4.0	-4.0	
9.5	9.0	10.0	14.9	+0.5	-0.5	+0.4	-0.4	+2.0	-2.0	
10.5	10.0	11.0	9.1	+0.4	-0.4	+0.3	-0.3	+1.2	-1.2	
11.5	11.0	12.0	5.3	+0.3	-0.3	+0.2	-0.2	+0.7	-0.7	
12.5	12.0	13.0	3.7	+0.2	-0.2	+0.1	-0.1	+0.5	-0.5	
13.5	13.0	14.0	2.3	+0.2	-0.2	+0.1	-0.1	+0.3	-0.3	

0.5	0.0	1.0	601.0	+9.0	-9.0	+94.0	-94.0	+79.0	-79.0	
1.5	1.0	2.0	1114.0	+9.0	-9.0	+29.0	-29.0	+147.0	-147.0	
2.5	2.0	3.0	938.0	+7.0	-7.0	+19.0	-19.0	+124.0	-124.0	
3.5	3.0	4.0	559.0	+4.0	-4.0	+14.0	-14.0	+74.0	-74.0	
4.5	4.0	5.0	307.0	+3.0	-3.0	+9.0	-9.0	+41.0	-41.0	
5.5	5.0	6.0	163.0	+2.0	-2.0	+6.0	-6.0	+22.0	-22.0	
6.5	6.0	7.0	83.0	+1.0	-1.0	+3.0	-3.0	+11.0	-11.0	
7.5	7.0	8.0	46.0	+1.0	-1.0	+2.0	-2.0	+6.0	-6.0	
8.5	8.0	9.0	25.0	+1.0	-1.0	+1.0	-1.0	+3.0	-3.0	
9.5	9.0	10.0	14.5	+0.4	-0.4	+0.2	-0.2	+1.9	-1.9	
10.5	10.0	11.0	8.3	+0.3	-0.3	+0.1	-0.1	+1.1	-1.1	
11.5	11.0	12.0	5.0	+0.3	-0.3	+0.1	-0.1	+0.7	-0.7	
12.5	12.0	13.0	3.0	+0.2	-0.2	+0.1	-0.1	+0.4	-0.4	
13.5	13.0	14.0	2.3	+0.2	-0.2	+0.1	-0.1	+0.3	-0.3	

0.5	0.0	1.0	543.0	+5.0	-5.0	+33.0	-33.0	+72.0	-72.0	
1.5	1.0	2.0	1073.0	+7.0	-7.0	+21.0	-21.0	+142.0	-142.0	
2.5	2.0	3.0	865.0	+5.0	-5.0	+16.0	-16.0	+114.0	-114.0	
3.5	3.0	4.0	514.0	+4.0	-4.0	+11.0	-11.0	+68.0	-68.0	
4.5	4.0	5.0	274.0	+2.0	-2.0	+8.0	-8.0	+36.0	-36.0	
5.5	5.0	6.0	140.0	+2.0	-2.0	+4.0	-4.0	+19.0	-19.0	
6.5	6.0	7.0	70.0	+1.0	-1.0	+3.0	-3.0	+9.0	-9.0	
7.5	7.0	8.0	38.0	+1.0	-1.0	+1.0	-1.0	+5.0	-5.0	
8.5	8.0	9.0	19.8	+0.5	-0.5	+0.1	-0.1	+2.6	-2.6	
9.5	9.0	10.0	10.8	+0.4	-0.4	+0.1	-0.1	+1.4	-1.4	
10.5	10.0	11.0	6.7	+0.3	-0.3	+0.1	-0.1	+0.9	-0.9	
11.5	11.0	12.0	4.0	+0.2	-0.2	+0.1	-0.1	+0.5	-0.5	
12.5	12.0	13.0	2.5	+0.2	-0.2	+0.1	-0.1	+0.4	-0.4	
13.5	13.0	14.0	1.2	+0.1	-0.1	+0.1	-0.1	+0.2	-0.2	

0.5	0.0	1.0	468.0	+4.0	-4.0	+21.0	-21.0	+62.0	-62.0	
1.5	1.0	2.0	892.0	+5.0	-5.0	+18.0	-18.0	+118.0	-118.0	
2.5	2.0	3.0	721.0	+5.0	-5.0	+16.0	-16.0	+95.0	-95.0	
3.5	3.0	4.0	415.0	+3.0	-3.0	+12.0	-12.0	+55.0	-55.0	
4.5	4.0	5.0	215.0	+2.0	-2.0	+7.0	-7.0	+28.0	-28.0	
5.5	5.0	6.0	104.0	+1.0	-1.0	+4.0	-4.0	+14.0	-14.0	
6.5	6.0	7.0	51.0	+1.0	-1.0	+2.0	-2.0	+7.0	-7.0	
7.5	7.0	8.0	26.0	+1.0	-1.0	+1.0	-1.0	+3.0	-3.0	
8.5	8.0	9.0	13.9	+0.5	-0.5	+0.1	-0.1	+1.8	-1.8	
9.5	9.0	10.0	7.1	+0.3	-0.3	+0.1	-0.1	+0.9	-0.9	
10.5	10.0	11.0	4.3	+0.2	-0.2	+0.1	-0.1	+0.6	-0.6	
11.5	11.0	12.0	2.3	+0.2	-0.2	+0.1	-0.1	+0.3	-0.3	
12.5	12.0	13.0	1.0	+0.1	-0.1	+0.1	-0.1	+0.1	-0.1	

0.5	0.0	1.0	341.0	+4.0	-4.0	+21.0	-21.0	+45.0	-45.0
1.5	1.0	2.0	667.0	+6.0	-6.0	+23.0	-23.0	+88.0	-88.0
2.5	2.0	3.0	517.0	+5.0	-5.0	+20.0	-20.0	+68.0	-68.0
3.5	3.0	4.0	282.0	+4.0	-4.0	+13.0	-13.0	+37.0	-37.0
4.5	4.0	5.0	148.0	+2.0	-2.0	+6.0	-6.0	+20.0	-20.0
5.5	5.0	6.0	69.0	+2.0	-2.0	+3.0	-3.0	+9.0	-9.0
6.5	6.0	7.0	31.0	+1.0	-1.0	+1.0	-1.0	+4.0	-4.0
7.5	7.0	8.0	15.8	+0.6	-0.6	+0.7	-0.7	+2.1	-2.1
8.5	8.0	9.0	7.6	+0.4	-0.4	+0.3	-0.3	+1.0	-1.0
9.5	9.0	10.0	3.6	+0.3	-0.3	+0.2	-0.2	+0.5	-0.5
10.5	10.0	11.0	2.0	+0.2	-0.2	+0.1	-0.1	+0.3	-0.3


