LHCb, sigma, sqrt(s) = 7 TeV; arXiv:1204.1258; lumi: +-3.5%
values from paper EPJC72 (2012) 211 [not available in HEPDATA]
yMin  yMax    pTMean   pTMin	pTMax   sigma[nb] statPos statNeg sysPos sysNeg polPos polNeg  
2.	4.5	0.5   0.    1.      188.	6.	6.	  18.	  18.	  32.	 67.
2.	4.5	1.5   1.    2.	    387.	8.	8.	  37.	  37.	  60.	 119.
2.	4.5	2.5   2.    3.	    317.	7.	7.	  26.	  26.	  44.	 88.
2.	4.5	3.5   3.    4.	    224.	6.	6.	  24.	  24.	  27.	 53.
2.	4.5	4.5   4.    5.	    135.	4.	4.	  13.	  13.	  16.	 30.
2.	4.5	5.5   5.    6.	    77.		2.	2.	  7.	  7.	  9.	 18.
2.	4.5	6.5   6.    7.	    46.		1.	1.	  4.	  4.	  5.	 10.
2.	4.5	7.5   7.    8.	    25.		1.	1.	  2.	  2.	  3.	  6.
2.	4.5	8.5   8.    9.	    14.		1.	1.	  1.	  1.	  2.	  3.
2.	4.5	9.5   9.    10.	    8.3		0.4	0.4	  0.7	  0.7	  0.9	  1.7
2.	4.5	11.   10.   12.	    4.3		0.3	0.3	  0.4	  0.4	  0.5	  0.9
2.	4.5	14.   12.   16.	    1.5		0.1	0.1	  0.2	  0.2	  0.2	  0.3
