LHCb, sigma*BR, sqrt(s) = 7 TeV; no polarization
values from http://hepdata.cedar.ac.uk/View/9393412
yMin   yMax pTMean	pTMin	pTMax	sigma[nb]  statPos statNeg systPos systNeg  polPos  polNeg
2.0	2.5	0.5	0.0	1.0	8.2	+1.7	-1.7	+0.4	-0.4	+1.5	-3.1
2.0	2.5	1.5	1.0	2.0	25.8	+2.9	-2.9	+1.2	-1.2	+4.6	-9.2
2.0	2.5	2.5	2.0	3.0	39.3	+3.6	-3.6	+1.9	-1.9	+6.4	-12.9
2.0	2.5	3.5	3.0	4.0	55.8	+4.2	-4.2	+2.6	-2.6	+8.9	-17.4
2.0	2.5	4.5	4.0	5.0	54.5	+4.1	-4.1	+2.6	-2.6	+8.2	-15.9
2.0	2.5	5.5	5.0	6.0	39.1	+3.4	-3.4	+1.9	-1.9	+5.4	-10.3
2.0	2.5	6.5	6.0	7.0	28.8	+2.9	-2.9	+1.4	-1.4	+4.1	-8.3
2.0	2.5	7.5	7.0	8.0	21.9	+2.4	-2.4	+1.0	-1.0	+2.7	-5.4
2.0	2.5	8.5	8.0	9.0	22.9	+2.4	-2.4	+1.1	-1.1	+2.6	-4.8
2.0	2.5	9.5	9.0	10.0	12.8	+1.8	-1.8	+0.6	-0.6	+1.5	-2.9
2.0	2.5	10.5	10.0	11.0	10.3	+1.6	-1.6	+0.5	-0.5	+1.1	-2.1
2.0	2.5	11.5	11.0	12.0	8.6	+1.5	-1.5	+0.4	-0.4	+1.2	-2.4
2.0	2.5	12.5	12.0	13.0	5.8	+1.2	-1.2	+0.3	-0.3	+0.5	-0.9
2.0	2.5	13.5	13.0	14.0	4.4	+1.0	-1.0	+0.2	-0.2	+0.4	-0.7
2.0	2.5	14.5	14.0	15.0	1.9	+0.6	-0.6	+0.1	-0.1	+0.2	-0.3

2.5	3.0	0.5	0.0	1.0	15.8	+1.6	-1.6	+0.7	-0.7	+1.5	-2.8
2.5	3.0	1.5	1.0	2.0	31.2	+2.2	-2.2	+1.5	-1.5	+3.1	-5.6
2.5	3.0	2.5	2.0	3.0	45.7	+2.6	-2.6	+2.1	-2.1	+4.5	-8.2
2.5	3.0	3.5	3.0	4.0	42.1	+2.5	-2.5	+2.0	-2.0	+3.8	-7.3
2.5	3.0	4.5	4.0	5.0	39.2	+2.4	-2.4	+1.8	-1.8	+3.6	-6.7
2.5	3.0	5.5	5.0	6.0	44.8	+2.6	-2.6	+2.1	-2.1	+3.9	-7.6
2.5	3.0	6.5	6.0	7.0	25.1	+1.9	-1.9	+1.2	-1.2	+2.0	-3.9
2.5	3.0	7.5	7.0	8.0	23.4	+1.9	-1.9	+1.1	-1.1	+1.8	-3.5
2.5	3.0	8.5	8.0	9.0	17.1	+1.5	-1.5	+0.8	-0.8	+1.0	-2.0
2.5	3.0	9.5	9.0	10.0	12.9	+1.3	-1.3	+0.6	-0.6	+0.6	-1.2
2.5	3.0	10.5	10.0	11.0	9.5	+1.1	-1.1	+0.4	-0.4	+0.5	-0.9
2.5	3.0	11.5	11.0	12.0	10.0	+1.1	-1.1	+0.5	-0.5	+0.5	-0.9
2.5	3.0	12.5	12.0	13.0	5.8	+0.9	-0.9	+0.3	-0.3	+0.3	-0.5
2.5	3.0	13.5	13.0	14.0	1.7	+0.5	-0.5	+0.1	-0.1	+0.1	-0.1
2.5	3.0	14.5	14.0	15.0	4.9	+0.8	-0.8	+0.2	-0.2	+0.3	-0.5

3.0	3.5	0.5	0.0	1.0	7.8	+1.0	-1.0	+0.4	-0.4	+0.4	-0.8
3.0	3.5	1.5	1.0	2.0	23.0	+1.7	-1.7	+1.1	-1.1	+1.6	-2.9
3.0	3.5	2.5	2.0	3.0	24.4	+1.8	-1.8	+1.1	-1.1	+1.5	-2.9
3.0	3.5	3.5	3.0	4.0	37.8	+2.2	-2.2	+1.8	-1.8	+2.2	-4.3
3.0	3.5	4.5	4.0	5.0	22.6	+1.7	-1.7	+1.1	-1.1	+1.1	-2.0
3.0	3.5	5.5	5.0	6.0	32.8	+2.1	-2.1	+1.5	-1.5	+1.5	-2.8
3.0	3.5	6.5	6.0	7.0	22.3	+1.7	-1.7	+1.0	-1.0	+0.7	-1.4
3.0	3.5	7.5	7.0	8.0	16.3	+1.4	-1.4	+0.8	-0.8	+0.4	-0.9
3.0	3.5	8.5	8.0	9.0	12.4	+1.2	-1.2	+0.6	-0.6	+0.3	-0.6
3.0	3.5	9.5	9.0	10.0	9.8	+1.1	-1.1	+0.5	-0.5	+0.2	-0.5
3.0	3.5	10.5	10.0	11.0	4.3	+0.7	-0.7	+0.2	-0.2	+0.1	-0.2
3.0	3.5	11.5	11.0	12.0	4.4	+0.7	-0.7	+0.2	-0.2	+0.0	-0.1
3.0	3.5	12.5	12.0	13.0	4.1	+0.7	-0.7	+0.2	-0.2	+0.0	-0.1
3.0	3.5	13.5	13.0	14.0	2.6	+0.5	-0.5	+0.1	-0.1	+0.0	-0.1
3.0	3.5	14.5	14.0	15.0	3.9	+0.7	-0.7	+0.2	-0.2	+0.1	-0.3

3.5	4.0	0.5	0.0	1.0	8.6	+1.2	-1.2	+0.4	-0.4	+0.8	-1.5
3.5	4.0	1.5	1.0	2.0	18.3	+1.6	-1.6	+0.9	-0.9	+1.6	-2.8
3.5	4.0	2.5	2.0	3.0	26.3	+2.0	-2.0	+1.2	-1.2	+1.9	-3.4
3.5	4.0	3.5	3.0	4.0	20.8	+1.8	-1.8	+1.0	-1.0	+1.3	-2.4
3.5	4.0	4.5	4.0	5.0	18.3	+1.6	-1.6	+0.9	-0.9	+0.8	-1.6
3.5	4.0	5.5	5.0	6.0	18.1	+1.6	-1.6	+0.8	-0.8	+0.6	-1.2
3.5	4.0	6.5	6.0	7.0	11.6	+1.3	-1.3	+0.5	-0.5	+0.3	-0.5
3.5	4.0	7.5	7.0	8.0	5.8	+0.9	-0.9	+0.3	-0.3	+0.1	-0.1
3.5	4.0	8.5	8.0	9.0	7.6	+1.0	-1.0	+0.4	-0.4	+0.1	-0.2
3.5	4.0	9.5	9.0	10.0	7.0	+1.0	-1.0	+0.3	-0.3	+0.1	-0.2
3.5	4.0	10.5	10.0	11.0	6.4	+0.9	-0.9	+0.3	-0.3	+0.1	-0.2
3.5	4.0	11.5	11.0	12.0	1.2	+0.4	-0.4	+0.1	-0.1	+0.0	-0.0

4.0	4.5	1.5	1.0	2.0	10.4	+1.8	-1.8	+0.5	-0.5	+1.4	-2.3
4.0	4.5	2.5	2.0	3.0	14.9	+2.2	-2.2	+0.7	-0.7	+1.8	-3.2
4.0	4.5	3.5	3.0	4.0	11.9	+1.9	-1.9	+0.6	-0.6	+1.2	-2.1
4.0	4.5	4.5	4.0	5.0	12.2	+1.9	-1.9	+0.6	-0.6	+1.0	-1.8
4.0	4.5	5.5	5.0	6.0	7.8	+1.5	-1.5	+0.4	-0.4	+0.4	-0.9
4.0	4.5	6.5	6.0	7.0	5.2	+1.2	-1.2	+0.2	-0.2	+0.2	-0.5
4.0	4.5	7.5	7.0	8.0	5.4	+1.2	-1.2	+0.3	-0.3	+0.2	-0.4
4.0	4.5	8.5	8.0	9.0	4.3	+1.0	-1.0	+0.2	-0.2	+0.1	-0.3
4.0	4.5	9.5	9.0	10.0	1.2	+0.5	-0.5	+0.1	-0.1	+0.0	-0.1
4.0	4.5	10.5	10.0	11.0	2.6	+0.8	-0.8	+0.1	-0.1	+0.1	-0.2


