CMS, sigma*BR, sqrt(s) = 7 TeV; no polarization
values from
yMin   yMax     pTMean  pTMin   pTMax   sigma[pb]  statPos statNeg systPos systNeg  HX_T  HX_L 
0.00 0.30 10.483  10.	11.	4.235e+01 2.069e+00 -2.069e+00 0.000e+00 -0.000e+00 0.000e+00 -0.000e+00
0.00 0.30 11.494  11.	12.	2.664e+01 7.163e-01 -7.163e-01 0.000e+00 -0.000e+00 0.000e+00 -0.000e+00
0.00 0.30 12.483  12.	13.	1.700e+01 3.442e-01 -3.442e-01 0.000e+00 -0.000e+00 0.000e+00 -0.000e+00
0.00 0.30 13.481  13.	14.	1.053e+01 1.757e-01 -1.757e-01 0.000e+00 -0.000e+00 0.000e+00 -0.000e+00
0.00 0.30 14.484  14.	15.	7.738e+00 1.256e-01 -1.256e-01 0.000e+00 -0.000e+00 0.000e+00 -0.000e+00
0.00 0.30 15.481  15.	16.	5.054e+00 7.271e-02 -7.271e-02 0.000e+00 -0.000e+00 0.000e+00 -0.000e+00
0.00 0.30 16.481  16.	17.	3.805e+00 5.696e-02 -5.696e-02 0.000e+00 -0.000e+00 0.000e+00 -0.000e+00
0.00 0.30 17.480  17.	18.	2.643e+00 3.778e-02 -3.778e-02 0.000e+00 -0.000e+00 0.000e+00 -0.000e+00
0.00 0.30 18.484  18.	19.	1.968e+00 2.865e-02 -2.865e-02 0.000e+00 -0.000e+00 0.000e+00 -0.000e+00
0.00 0.30 19.488  19.	20.	1.456e+00 2.145e-02 -2.145e-02 0.000e+00 -0.000e+00 0.000e+00 -0.000e+00
0.00 0.30 21.154  20.	22.5	8.985e-01 8.369e-03 -8.369e-03 0.000e+00 -0.000e+00 0.000e+00 -0.000e+00
0.00 0.30 23.648  22.5	25.	4.601e-01 4.547e-03 -4.547e-03 0.000e+00 -0.000e+00 0.000e+00 -0.000e+00
0.00 0.30 26.175  25.	27.5	2.742e-01 2.982e-03 -2.982e-03 0.000e+00 -0.000e+00 0.000e+00 -0.000e+00
0.00 0.30 28.661  27.5	30.	1.511e-01 1.675e-03 -1.675e-03 0.000e+00 -0.000e+00 0.000e+00 -0.000e+00
0.00 0.30 32.222  30.	35.	8.471e-02 8.655e-04 -8.655e-04 0.000e+00 -0.000e+00 0.000e+00 -0.000e+00
0.00 0.30 37.178  35.	40.	3.641e-02 4.333e-04 -4.333e-04 0.000e+00 -0.000e+00 0.000e+00 -0.000e+00
0.00 0.30 45.397  40.	55.	1.032e-02 1.103e-04 -1.103e-04 0.000e+00 -0.000e+00 0.000e+00 -0.000e+00
0.00 0.30 61.611  55.	75.	2.893e-03 9.434e-05 -9.434e-05 0.000e+00 -0.000e+00 0.000e+00 -0.000e+00

0.30 0.60 10.481  10.	11.	 4.060e+01 1.839e+00 -1.839e+00 0.000e+00 -0.000e+00 0.000e+00 -0.000e+00
0.30 0.60 11.494  11.	12.	 2.602e+01 6.694e-01 -6.694e-01 0.000e+00 -0.000e+00 0.000e+00 -0.000e+00
0.30 0.60 12.481  12.	13.	 1.563e+01 3.011e-01 -3.011e-01 0.000e+00 -0.000e+00 0.000e+00 -0.000e+00
0.30 0.60 13.486  13.	14.	 1.086e+01 1.808e-01 -1.808e-01 0.000e+00 -0.000e+00 0.000e+00 -0.000e+00
0.30 0.60 14.484  14.	15.	 7.536e+00 1.165e-01 -1.165e-01 0.000e+00 -0.000e+00 0.000e+00 -0.000e+00
0.30 0.60 15.487  15.	16.	 5.008e+00 7.119e-02 -7.119e-02 0.000e+00 -0.000e+00 0.000e+00 -0.000e+00
0.30 0.60 16.484  16.	17.	 3.563e+00 4.935e-02 -4.935e-02 0.000e+00 -0.000e+00 0.000e+00 -0.000e+00
0.30 0.60 17.487  17.	18.	 2.587e+00 3.515e-02 -3.515e-02 0.000e+00 -0.000e+00 0.000e+00 -0.000e+00
0.30 0.60 18.486  18.	19.	 1.899e+00 2.631e-02 -2.631e-02 0.000e+00 -0.000e+00 0.000e+00 -0.000e+00
0.30 0.60 19.479  19.	20.	 1.275e+00 1.685e-02 -1.685e-02 0.000e+00 -0.000e+00 0.000e+00 -0.000e+00
0.30 0.60 21.149  20.	22.5	 8.572e-01 7.705e-03 -7.705e-03 0.000e+00 -0.000e+00 0.000e+00 -0.000e+00
0.30 0.60 23.673  22.5	25.	 4.944e-01 4.844e-03 -4.844e-03 0.000e+00 -0.000e+00 0.000e+00 -0.000e+00
0.30 0.60 26.147  25.	27.5	 2.962e-01 3.250e-03 -3.250e-03 0.000e+00 -0.000e+00 0.000e+00 -0.000e+00
0.30 0.60 28.650  27.5	30.	 1.586e-01 1.726e-03 -1.726e-03 0.000e+00 -0.000e+00 0.000e+00 -0.000e+00
0.30 0.60 32.226  30.	35.	 8.240e-02 7.395e-04 -7.395e-04 0.000e+00 -0.000e+00 0.000e+00 -0.000e+00
0.30 0.60 37.228  35.	40.	 2.944e-02 2.796e-04 -2.796e-04 0.000e+00 -0.000e+00 0.000e+00 -0.000e+00
0.30 0.60 45.428  40.	55.	 1.014e-02 1.044e-04 -1.044e-04 0.000e+00 -0.000e+00 0.000e+00 -0.000e+00
0.30 0.60 61.949  55.	75.	 2.275e-03 5.332e-05 -5.332e-05 0.000e+00 -0.000e+00 0.000e+00 -0.000e+00

0.60 0.90 10.470  10.	11.	4.041e+01 1.565e+00 -1.565e+00 0.000e+00 -0.000e+00 0.000e+00 -0.000e+00
0.60 0.90 11.490  11.	12.	2.573e+01 6.174e-01 -6.174e-01 0.000e+00 -0.000e+00 0.000e+00 -0.000e+00
0.60 0.90 12.484  12.	13.	1.628e+01 3.061e-01 -3.061e-01 0.000e+00 -0.000e+00 0.000e+00 -0.000e+00
0.60 0.90 13.488  13.	14.	1.079e+01 1.775e-01 -1.775e-01 0.000e+00 -0.000e+00 0.000e+00 -0.000e+00
0.60 0.90 14.483  14.	15.	7.173e+00 1.085e-01 -1.085e-01 0.000e+00 -0.000e+00 0.000e+00 -0.000e+00
0.60 0.90 15.478  15.	16.	5.022e+00 7.394e-02 -7.394e-02 0.000e+00 -0.000e+00 0.000e+00 -0.000e+00
0.60 0.90 16.484  16.	17.	3.324e+00 4.486e-02 -4.486e-02 0.000e+00 -0.000e+00 0.000e+00 -0.000e+00
0.60 0.90 17.484  17.	18.	2.551e+00 3.601e-02 -3.601e-02 0.000e+00 -0.000e+00 0.000e+00 -0.000e+00
0.60 0.90 18.489  18.	19.	1.928e+00 2.779e-02 -2.779e-02 0.000e+00 -0.000e+00 0.000e+00 -0.000e+00
0.60 0.90 19.491  19.	20.	1.413e+00 2.100e-02 -2.100e-02 0.000e+00 -0.000e+00 0.000e+00 -0.000e+00
0.60 0.90 21.133  20.	22.5	8.952e-01 8.493e-03 -8.493e-03 0.000e+00 -0.000e+00 0.000e+00 -0.000e+00
0.60 0.90 23.648  22.5	25.	4.597e-01 4.658e-03 -4.658e-03 0.000e+00 -0.000e+00 0.000e+00 -0.000e+00
0.60 0.90 26.161  25.	27.5	2.782e-01 3.354e-03 -3.354e-03 0.000e+00 -0.000e+00 0.000e+00 -0.000e+00
0.60 0.90 28.659  27.5	30.	1.588e-01 1.824e-03 -1.824e-03 0.000e+00 -0.000e+00 0.000e+00 -0.000e+00
0.60 0.90 32.154  30.	35.	8.436e-02 9.152e-04 -9.152e-04 0.000e+00 -0.000e+00 0.000e+00 -0.000e+00
0.60 0.90 37.183  35.	40.	3.584e-02 4.664e-04 -4.664e-04 0.000e+00 -0.000e+00 0.000e+00 -0.000e+00
0.60 0.90 45.493  40.	55.	1.080e-02 1.150e-04 -1.150e-04 0.000e+00 -0.000e+00 0.000e+00 -0.000e+00
0.60 0.90 62.623  55.	75.	2.339e-03 6.631e-05 -6.631e-05 0.000e+00 -0.000e+00 0.000e+00 -0.000e+00

0.90 1.20 10.456  10.	11.	3.514e+01 7.720e-01 -7.720e-01 0.000e+00 -0.000e+00 0.000e+00 -0.000e+00
0.90 1.20 11.481  11.	12.	2.311e+01 3.903e-01 -3.903e-01 0.000e+00 -0.000e+00 0.000e+00 -0.000e+00
0.90 1.20 12.480  12.	13.	1.500e+01 2.281e-01 -2.281e-01 0.000e+00 -0.000e+00 0.000e+00 -0.000e+00
0.90 1.20 13.482  13.	14.	9.313e+00 1.279e-01 -1.279e-01 0.000e+00 -0.000e+00 0.000e+00 -0.000e+00
0.90 1.20 14.474  14.	15.	6.409e+00 8.567e-02 -8.567e-02 0.000e+00 -0.000e+00 0.000e+00 -0.000e+00
0.90 1.20 15.486  15.	16.	4.307e+00 5.776e-02 -5.776e-02 0.000e+00 -0.000e+00 0.000e+00 -0.000e+00
0.90 1.20 16.481  16.	17.	3.216e+00 4.377e-02 -4.377e-02 0.000e+00 -0.000e+00 0.000e+00 -0.000e+00
0.90 1.20 17.480  17.	18.	2.220e+00 2.965e-02 -2.965e-02 0.000e+00 -0.000e+00 0.000e+00 -0.000e+00
0.90 1.20 18.479  18.	19.	1.725e+00 2.448e-02 -2.448e-02 0.000e+00 -0.000e+00 0.000e+00 -0.000e+00
0.90 1.20 19.481  19.	20.	1.226e+00 1.716e-02 -1.716e-02 0.000e+00 -0.000e+00 0.000e+00 -0.000e+00
0.90 1.20 21.153  20.	22.5	7.538e-01 7.229e-03 -7.229e-03 0.000e+00 -0.000e+00 0.000e+00 -0.000e+00
0.90 1.20 23.647  22.5	25.	4.091e-01 4.523e-03 -4.523e-03 0.000e+00 -0.000e+00 0.000e+00 -0.000e+00
0.90 1.20 26.159  25.	27.5	2.337e-01 3.017e-03 -3.017e-03 0.000e+00 -0.000e+00 0.000e+00 -0.000e+00
0.90 1.20 28.661  27.5	30.	1.386e-01 1.770e-03 -1.770e-03 0.000e+00 -0.000e+00 0.000e+00 -0.000e+00
0.90 1.20 32.207  30.	35.	8.075e-02 1.088e-03 -1.088e-03 0.000e+00 -0.000e+00 0.000e+00 -0.000e+00
0.90 1.20 37.228  35.	40.	3.700e-02 6.224e-04 -6.224e-04 0.000e+00 -0.000e+00 0.000e+00 -0.000e+00
0.90 1.20 45.490  40.	55.	1.138e-02 1.914e-04 -1.914e-04 0.000e+00 -0.000e+00 0.000e+00 -0.000e+00
0.90 1.20 62.818  55.	75.	2.683e-03 1.226e-04 -1.226e-04 0.000e+00 -0.000e+00 0.000e+00 -0.000e+00
