ATLAS, ratios of sigma*BR, sqrt(s) = 7 TeV; no polarization; arXiv:1211.7255
values from http://hepdata.cedar.ac.uk/view/ins1204994/d10/plain.txt
rapMin  rapMax  pTMean  pTMin  pTMax    ratio   stat-pos stat-neg sys-pos sys-neg pol-pos pol-neg
0.0	1.2	0.5	0.0	1.0	0.21	+0.01	-0.01	+0.01	-0.01	0.0	0.0
0.0	1.2	1.5	1.0	2.0	0.22	+0.01	-0.01	+0.01	-0.01	0.0	0.0
0.0	1.2	2.5	2.0	3.0	0.2	+0.0	-0.0	+0.01	-0.01	0.0	0.0
0.0	1.2	3.5	3.0	4.0	0.22	+0.01	-0.01	+0.0	-0.0	0.0	0.0
0.0	1.2	4.5	4.0	5.0	0.23	+0.01	-0.01	+0.0	-0.0	0.0	0.0
0.0	1.2	5.5	5.0	6.0	0.23	+0.01	-0.01	+0.01	-0.01	0.0	0.0
0.0	1.2	6.5	6.0	7.0	0.24	+0.01	-0.01	+0.01	-0.01	0.0	0.0
0.0	1.2	7.5	7.0	8.0	0.26	+0.01	-0.01	+0.01	-0.01	0.0	0.0
0.0	1.2	8.5	8.0	9.0	0.26	+0.01	-0.01	+0.01	-0.01	0.0	0.0
0.0	1.2	9.5	9.0	10.0	0.28	+0.01	-0.01	+0.01	-0.01	0.0	0.0
0.0	1.2	11.0	10.0	12.0	0.3	+0.01	-0.01	+0.01	-0.01	0.0	0.0
0.0	1.2	13.0	12.0	14.0	0.33	+0.01	-0.01	+0.01	-0.01	0.0	0.0
0.0	1.2	15.0	14.0	16.0	0.37	+0.01	-0.01	+0.01	-0.01	0.0	0.0
0.0	1.2	17.0	16.0	18.0	0.39	+0.01	-0.01	+0.01	-0.01	0.0	0.0
0.0	1.2	19.0	18.0	20.0	0.41	+0.01	-0.01	+0.0	-0.0	0.0	0.0
0.0	1.2	21.0	20.0	22.0	0.42	+0.01	-0.01	+0.01	-0.01	0.0	0.0
0.0	1.2	23.0	22.0	24.0	0.43	+0.01	-0.01	+0.01	-0.01	0.0	0.0
0.0	1.2	25.0	24.0	26.0	0.45	+0.02	-0.02	+0.01	-0.01	0.0	0.0
0.0	1.2	27.0	26.0	28.0	0.47	+0.02	-0.02	+0.01	-0.01	0.0	0.0
0.0	1.2	29.0	28.0	30.0	0.47	+0.03	-0.03	+0.01	-0.01	0.0	0.0
0.0	1.2	31.0	30.0	32.0	0.49	+0.03	-0.03	+0.01	-0.01	0.0	0.0
0.0	1.2	34.0	32.0	36.0	0.47	+0.03	-0.03	+0.0	-0.0	0.0	0.0
0.0	1.2	38.0	36.0	40.0	0.51	+0.04	-0.04	+0.01	-0.01	0.0	0.0
0.0	1.2	45.0	40.0	50.0	0.54	+0.05	-0.05	+0.01	-0.01	0.0	0.0
0.0	1.2	60.0	50.0	70.0	0.62	+0.08	-0.08	+0.02	-0.02	0.0	0.0

1.2	2.25	0.5	0.0	1.0	0.24	+0.01	-0.01	+0.02	-0.02   0.0	0.0	
1.2	2.25	1.5	1.0	2.0	0.29	+0.01	-0.01	+0.04	-0.04	0.0	0.0	
1.2	2.25	2.5	2.0	3.0	0.19	+0.01	-0.01	+0.02	-0.02	0.0	0.0	
1.2	2.25	3.5	3.0	4.0	0.23	+0.01	-0.01	+0.03	-0.03	0.0	0.0	
1.2	2.25	4.5	4.0	5.0	0.25	+0.01	-0.01	+0.01	-0.01	0.0	0.0	
1.2	2.25	5.5	5.0	6.0	0.26	+0.01	-0.01	+0.01	-0.01	0.0	0.0	
1.2	2.25	6.5	6.0	7.0	0.28	+0.01	-0.01	+0.01	-0.01	0.0	0.0	
1.2	2.25	7.5	7.0	8.0	0.29	+0.01	-0.01	+0.01	-0.01	0.0	0.0	
1.2	2.25	8.5	8.0	9.0	0.31	+0.01	-0.01	+0.01	-0.01	0.0	0.0	
1.2	2.25	9.5	9.0	10.0	0.31	+0.01	-0.01	+0.01	-0.01	0.0	0.0	
1.2	2.25	11.0	10.0	12.0	0.34	+0.01	-0.01	+0.01	-0.01	0.0	0.0	
1.2	2.25	13.0	12.0	14.0	0.37	+0.01	-0.01	+0.01	-0.01	0.0	0.0	
1.2	2.25	15.0	14.0	16.0	0.43	+0.02	-0.02	+0.01	-0.01	0.0	0.0	
1.2	2.25	17.0	16.0	18.0	0.39	+0.02	-0.02	+0.03	-0.03	0.0	0.0	
1.2	2.25	19.0	18.0	20.0	0.41	+0.02	-0.02	+0.01	-0.01	0.0	0.0	
1.2	2.25	21.0	20.0	22.0	0.46	+0.03	-0.03	+0.0	-0.0	0.0	0.0	
1.2	2.25	23.0	22.0	24.0	0.43	+0.03	-0.03	+0.0	-0.0	0.0	0.0	
1.2	2.25	25.0	24.0	26.0	0.57	+0.05	-0.05	+0.01	-0.01	0.0	0.0	
1.2	2.25	27.0	26.0	28.0	0.6	+0.05	-0.05	+0.0	-0.0	0.0	0.0	
1.2	2.25	29.0	28.0	30.0	0.44	+0.06	-0.06	+0.03	-0.03	0.0	0.0	
1.2	2.25	31.0	30.0	32.0	0.49	+0.09	-0.09	+0.01	-0.01	0.0	0.0	
1.2	2.25	34.0	32.0	36.0	0.6	+0.07	-0.07	+0.01	-0.01	0.0	0.0	
1.2	2.25	38.0	36.0	40.0	0.5	+0.1	-0.1	+0.01	-0.01	0.0	0.0	
1.2	2.25	45.0	40.0	50.0	0.56	+0.11	-0.11	+0.01	-0.01   0.0	0.0	
