CMS, sigma, sqrt(s) = 7 TeV; no polarization; 
values from BPH-11-001, v10 (16 Jan 2013); note that errors need to be corrected!!!
rapMin	rapMax	pTMean  pTMin  pTMax    ratio   stat-pos stat-neg sys-pos sys-neg pol-pos pol-neg
0.	2.4	1.	0.	2.     0.22	0.03	 0.03	  0.03	  0.03	  0.0	  0.0
0.	2.4	3.5	2.	5.     0.23	0.03	 0.03	  0.03	  0.03	  0.0	  0.0
0.	2.4	6.5	5.	8.     0.27	0.04	 0.03	  0.04	  0.03    0.0	  0.0
0.	2.4	9.	8.	10.    0.27	0.04	 0.03	  0.04	  0.03	  0.0	  0.0
0.	2.4	11.5	10.	13.    0.33	0.04	 0.03	  0.04	  0.03	  0.0	  0.0
0.	2.4	14.5	13.	16.    0.37	0.04	 0.04	  0.04	  0.04	  0.0	  0.0
0.	2.4	17.	16.	18.    0.50	0.06	 0.06	  0.06	  0.06	  0.0	  0.0
0.	2.4	20.	18.	22.    0.45	0.05	 0.06	  0.05	  0.06	  0.0	  0.0
0.	2.4	30.	22.	38.    0.47	0.09	 0.13	  0.09	  0.13    0.0	  0.0
