CMS, ratio, sqrt(s) = 7 TeV; no polarization; PRD83(2011)112005;
values from http://hepdata.cedar.ac.uk/View/8922071
rapMin  rapMax  pTMean  pTMin  pTMax    ratio   stat-pos stat-neg sys-pos sys-neg
0.	2.0	1.5	0.0	3.0	0.22	+0.03	-0.03	+0.04	-0.04
0.	2.0	4.5	3.0	6.0	0.25	+0.03	-0.03	+0.05	-0.05
0.	2.0	7.5	6.0	9.0	0.28	+0.04	-0.04	+0.04	-0.04
0.	2.0	11.5	9.0	14.0	0.33	+0.04	-0.04	+0.05	-0.05
0.	2.0	17.0	14.0	20.0	0.35	+0.08	-0.08	+0.05	-0.05
0.	2.0	25.0	20.0	30.0	0.36	+0.14	-0.14	+0.06	-0.06
0.	2.0	15.0	0.0	30.0	0.26	+0.02	-0.02	+0.04	-0.04
