10.00     5.282E-01   1.800E+00   1.254E-01  -1.304E+00   1.149E+00       3.041E-01  -1.462E-01   2.089E-01   2.412E-01   6.081E-01
12.50     1.354E-01   4.665E-01   3.500E-02  -3.110E-01   3.259E-01       7.796E-02  -3.790E-02   5.834E-02   5.755E-02   1.559E-01
15.00     4.273E-02   1.487E-01   1.235E-02  -9.375E-02   1.100E-01       2.460E-02  -1.208E-02   2.059E-02   1.735E-02   5.046E-02
17.50     1.573E-02   5.655E-02   5.019E-03  -3.432E-02   4.298E-02       9.055E-03  -4.595E-03   8.364E-03   6.349E-03   1.917E-02
20.00     6.514E-03   2.444E-02   2.301E-03  -1.446E-02   1.880E-02       3.751E-03  -1.986E-03   3.835E-03   2.675E-03   8.275E-03
25.00     1.449E-03   5.927E-03   6.253E-04  -3.679E-03   4.323E-03       8.340E-04  -4.816E-04   1.042E-03   6.806E-04   2.075E-03
30.00     4.135E-04   1.900E-03   2.185E-04  -1.696E-03   8.358E-04       2.381E-04  -1.544E-04   3.641E-04   3.139E-04   7.617E-04

10.00     7.787E-02   1.799E+00   1.886E+00   1.622E+00   5.386E+00       4.483E-02  -1.462E-01   3.144E+00  -3.001E-01   2.742E+00
12.50     1.669E-02   4.668E-01   7.429E-01   7.371E-01   1.964E+00       9.608E-03  -3.793E-02   1.238E+00  -1.364E-01   1.074E+00
15.00     4.589E-03   1.487E-01   3.390E-01   3.557E-01   8.479E-01       2.642E-03  -1.208E-02   5.650E-01  -6.580E-02   4.897E-01
17.50     1.518E-03   5.658E-02   1.685E-01   1.841E-01   4.107E-01       8.741E-04  -4.597E-03   2.808E-01  -3.407E-02   2.430E-01
20.00     5.784E-04   2.442E-02   9.079E-02   1.018E-01   2.175E-01       3.330E-04  -1.984E-03   1.513E-01  -1.883E-02   1.308E-01
25.00     1.127E-04   5.930E-03   3.162E-02   3.620E-02   7.386E-02       6.490E-05  -4.818E-04   5.270E-02  -6.697E-03   4.559E-02
30.00     2.942E-05   1.900E-03   1.296E-02   1.508E-02   2.997E-02       1.694E-05  -1.544E-04   2.160E-02  -2.790E-03   1.867E-02

10.00    -5.978E-03   0.000E+00   1.614E-03  -3.226E-02  -3.662E-02      -3.442E-03   0.000E+00   2.691E-03   5.968E-03   5.217E-03
12.50    -8.864E-04   0.000E+00  -4.632E-03  -1.393E-02  -1.945E-02      -5.104E-04   0.000E+00  -7.720E-03   2.577E-03  -5.653E-03
15.00    -1.571E-04   0.000E+00  -2.967E-03  -5.542E-03  -8.665E-03      -9.044E-05   0.000E+00  -4.944E-03   1.025E-03  -4.009E-03
17.50    -5.303E-05   0.000E+00  -1.727E-03  -2.334E-03  -4.114E-03      -3.054E-05   0.000E+00  -2.878E-03   4.319E-04  -2.476E-03
20.00    -1.456E-05   0.000E+00  -1.028E-03  -1.058E-03  -2.101E-03      -8.383E-06   0.000E+00  -1.713E-03   1.958E-04  -1.526E-03
25.00    -1.663E-06   0.000E+00  -3.580E-04  -2.608E-04  -6.205E-04      -9.577E-07   0.000E+00  -5.967E-04   4.826E-05  -5.494E-04
30.00    -2.610E-07   0.000E+00  -1.301E-04  -8.471E-05  -2.151E-04      -1.503E-07   0.000E+00  -2.169E-04   1.567E-05  -2.014E-04