10.00     5.696E-01   1.863E+00   8.857E-02  -1.452E+00   1.070E+00       3.280E-01  -1.514E-01   1.476E-01   2.686E-01   5.928E-01
12.50     1.455E-01   4.865E-01   2.636E-02  -3.469E-01   3.114E-01       8.375E-02  -3.953E-02   4.393E-02   6.419E-02   1.523E-01
15.00     4.591E-02   1.573E-01   9.667E-03  -1.051E-01   1.078E-01       2.643E-02  -1.278E-02   1.611E-02   1.944E-02   4.920E-02
17.50     1.693E-02   5.946E-02   4.104E-03  -3.816E-02   4.232E-02       9.745E-03  -4.831E-03   6.840E-03   7.061E-03   1.881E-02
20.00     7.026E-03   2.574E-02   1.943E-03  -1.575E-02   1.895E-02       4.045E-03  -2.091E-03   3.238E-03   2.915E-03   8.107E-03
25.00     1.573E-03   6.331E-03   5.636E-04  -3.669E-03   4.799E-03       9.056E-04  -5.144E-04   9.393E-04   6.788E-04   2.009E-03
30.00     4.520E-04   2.026E-03   2.046E-04  -1.183E-03   1.500E-03       2.602E-04  -1.647E-04   3.409E-04   2.188E-04   6.553E-04
35.00     1.550E-04   7.732E-04   8.728E-05  -5.453E-04   4.702E-04       8.924E-05  -6.282E-05   1.455E-04   1.009E-04   2.728E-04
40.00     6.063E-05   3.400E-04   4.146E-05  -4.286E-04   1.356E-05       3.491E-05  -2.763E-05   6.910E-05   7.929E-05   1.557E-04

10.00     7.227E-02   1.864E+00   1.964E+00   1.708E+00   5.609E+00       4.161E-02  -1.515E-01   3.274E+00  -3.160E-01   2.848E+00
12.50     1.593E-02   4.865E-01   7.868E-01   7.702E-01   2.059E+00       9.174E-03  -3.953E-02   1.311E+00  -1.425E-01   1.139E+00
15.00     4.506E-03   1.581E-01   3.581E-01   3.724E-01   8.931E-01       2.594E-03  -1.284E-02   5.969E-01  -6.891E-02   5.177E-01
17.50     1.513E-03   5.949E-02   1.791E-01   1.935E-01   4.336E-01       8.712E-04  -4.833E-03   2.985E-01  -3.580E-02   2.587E-01
20.00     5.858E-04   2.580E-02   9.644E-02   1.071E-01   2.299E-01       3.373E-04  -2.096E-03   1.607E-01  -1.981E-02   1.392E-01
25.00     1.166E-04   6.328E-03   3.351E-02   3.838E-02   7.834E-02       6.715E-05  -5.142E-04   5.586E-02  -7.102E-03   4.831E-02
30.00     3.092E-05   2.028E-03   1.385E-02   1.611E-02   3.202E-02       1.781E-05  -1.647E-04   2.309E-02  -2.980E-03   1.996E-02
35.00     9.923E-06   7.708E-04   6.484E-03   7.594E-03   1.486E-02       5.713E-06  -6.263E-05   1.081E-02  -1.405E-03   9.344E-03
40.00     3.683E-06   3.399E-04   3.316E-03   3.896E-03   7.556E-03       2.121E-06  -2.762E-05   5.527E-03  -7.209E-04   4.781E-03

10.00     2.426E-03   0.000E+00  -1.849E-02  -7.634E-02  -9.240E-02       1.397E-03   0.000E+00  -3.081E-02   1.412E-02  -1.529E-02
12.50     5.418E-04   0.000E+00  -9.541E-03  -2.311E-02  -3.211E-02       3.120E-04   0.000E+00  -1.590E-02   4.276E-03  -1.131E-02
15.00     1.496E-04   0.000E+00  -4.932E-03  -8.073E-03  -1.285E-02       8.611E-05   0.000E+00  -8.220E-03   1.494E-03  -6.640E-03
17.50     4.778E-05   0.000E+00  -2.492E-03  -3.192E-03  -5.637E-03       2.751E-05   0.000E+00  -4.154E-03   5.906E-04  -3.536E-03
20.00     1.692E-05   0.000E+00  -1.306E-03  -1.401E-03  -2.690E-03       9.742E-06   0.000E+00  -2.176E-03   2.593E-04  -1.907E-03
25.00     2.950E-06   0.000E+00  -4.473E-04  -3.382E-04  -7.825E-04       1.699E-06   0.000E+00  -7.454E-04   6.257E-05  -6.812E-04
30.00     6.667E-07   0.000E+00  -1.663E-04  -1.001E-04  -2.657E-04       3.839E-07   0.000E+00  -2.771E-04   1.853E-05  -2.582E-04
35.00     1.853E-07   0.000E+00  -5.592E-05  -3.831E-05  -9.405E-05       1.067E-07   0.000E+00  -9.320E-05   7.088E-06  -8.601E-05
40.00     6.063E-08   0.000E+00  -2.733E-05  -1.578E-05  -4.305E-05       3.491E-08   0.000E+00  -4.555E-05   2.920E-06  -4.260E-05